Uncertainty Matrix:
[0.009                                                                     ]
[ 0.013                                                                    ]
[  0.039                                                                   ]
[   0.015                                                                  ]
[    0.011                                                                 ]
[     0.020                                                                ]
[      0.041                                                               ]
[       0.008                                                              ]
[        0.023                                                             ]
[         0.029                                                            ]
[          0.043                                                           ]
[           0.036                                                          ]
[            0.010                                                         ]
[             0.038                                                        ]
[              0.045                                                       ]
[               0.029                                                      ]
[                0.016                                                     ]
[                 0.025                                                    ]
[                  0.003                                                   ]
[                   0.021                                                  ]
[                    0.029                                                 ]
[                     0.007                                                ]
[                      0.041                                               ]
[                       0.040                                              ]
[                        0.007                                             ]
[                         0.040                                            ]
[                          0.045                                           ]
[                           0.049                                          ]
[                            0.022                                         ]
[                             0.039                                        ]
[                              0.028                                       ]
[                               0.049                                      ]
[                                0.048                                     ]
[                                 0.049                                    ]
[                                  0.049                                   ]
[                                   0.046                                  ]
[                                    0.044                                 ]
[                                     0.040                                ]
[                                      0.040                               ]
[                                       0.005                              ]
[                                        0.007                             ]
[                                         0.006                            ]
[                                          0.025                           ]
[                                           0.034                          ]
[                                            0.003                         ]
[                                             0.002                        ]
[                                              0.035                       ]
[                                               0.021                      ]
[                                                0.005                     ]
[                                                 0.046                    ]
[                                                  0.042                   ]
[                                                   0.036                  ]
[                                                    0.003                 ]
[                                                     0.038                ]
[                                                      0.015               ]
[                                                       0.014              ]
[                                                        0.027             ]
[                                                         0.006            ]
[                                                          0.021           ]
[                                                           0.046          ]
[                                                            0.050         ]
[                                                             0.013        ]
[                                                              0.024       ]
[                                                               0.027      ]
[                                                                0.013     ]
[                                                                 0.021    ]
[                                                                  0.006   ]
[                                                                   0.019  ]
[                                                                    0.003 ]
[                                                                     0.039]


View Matrix:
[1.000            -1.000                                     ]
[1.000               -1.000                                  ]
[ -1.000                     1.000                           ]
[  -1.000         1.000                                      ]
[  -1.000             1.000                                  ]
[  1.000                  -1.000                             ]
[  -1.000                                1.000               ]
[     1.000        -1.000                                    ]
[     1.000                                        -1.000    ]
[       1.000 -1.000                                         ]
[       -1.000       1.000                                   ]
[       -1.000           1.000                               ]
[       -1.000            1.000                              ]
[       1.000                 -1.000                         ]
[       1.000                   -1.000                       ]
[       1.000                     -1.000                     ]
[       -1.000                      1.000                    ]
[       -1.000                       1.000                   ]
[       1.000                         -1.000                 ]
[       -1.000                              1.000            ]
[       -1.000                               1.000           ]
[       1.000                                -1.000          ]
[       1.000                                  -1.000        ]
[       -1.000                                     1.000     ]
[       1.000                                      -1.000    ]
[       1.000                                       -1.000   ]
[       -1.000                                         1.000 ]
[        -1.000    1.000                                     ]
[        -1.000     1.000                                    ]
[        -1.000      1.000                                   ]
[        -1.000       1.000                                  ]
[        -1.000                         1.000                ]
[        -1.000                          1.000               ]
[        -1.000                              1.000           ]
[        -1.000                                1.000         ]
[        -1.000                                    1.000     ]
[         -1.000       1.000                                 ]
[         -1.000                  1.000                      ]
[         -1.000                    1.000                    ]
[         -1.000                             1.000           ]
[         -1.000                                       1.000 ]
[          1.000                                    -1.000   ]
[           1.000     -1.000                                 ]
[           -1.000                               1.000       ]
[           1.000                                    -1.000  ]
[            -1.000   1.000                                  ]
[            1.000    -1.000                                 ]
[            1.000                     -1.000                ]
[            -1.000                              1.000       ]
[            1.000                                   -1.000  ]
[             -1.000                               1.000     ]
[               1.000                  -1.000                ]
[               -1.000                           1.000       ]
[                -1.000                               1.000  ]
[                  1.000                  -1.000             ]
[                    -1.000             1.000                ]
[                    -1.000                      1.000       ]
[                    -1.000                           1.000  ]
[                       -1.000                   1.000       ]
[                         -1.000         1.000               ]
[                           1.000      -1.000                ]
[                           1.000                    -1.000  ]
[                            -1.000           1.000          ]
[                            -1.000                1.000     ]
[                            -1.000                    1.000 ]
[                                 -1.000 1.000               ]
[                                 -1.000         1.000       ]
[                                 -1.000              1.000  ]
[                                              -1.000  1.000 ]
[                                 1.000                ]
